MSVC: 14.34.31933
SDK : 10.0.22621.755