MSVC: 14.32.31326
SDK : 10.0.22621.1